1.00000000e-02 6.75474558e-08 9.99999833e-01 3.21391214e-07 2.76458911e-13 -1.02635899e-01
2.00000000e-02 5.40379646e-07 9.99998660e-01 2.57113953e-06 8.62551680e-12 -9.90504946e-02
3.00000000e-02 1.82378131e-06 9.99995478e-01 8.67764971e-06 6.37668327e-11 -9.32283946e-02
4.00000000e-02 4.32303717e-06 9.99989280e-01 2.05694176e-05 2.61358495e-10 -8.52943318e-02
5.00000000e-02 8.44343197e-06 9.99979063e-01 4.01750681e-05 7.75191172e-10 -7.53750650e-02
6.00000000e-02 1.45902504e-05 9.99963822e-01 6.94233887e-05 1.87317518e-09 -6.35959523e-02
7.00000000e-02 2.31687773e-05 9.99942552e-01 1.10243357e-04 3.92823989e-09 -5.00825868e-02
8.00000000e-02 3.45842973e-05 9.99914248e-01 1.64564162e-04 7.42407050e-09 -3.49602440e-02
9.00000000e-02 4.92420953e-05 9.99877907e-01 2.34315226e-04 1.29558199e-08 -1.83542575e-02
1.00000000e-01 6.75474558e-05 9.99832524e-01 3.21426213e-04 2.12256691e-08 -3.89626622e-04
1.10000000e-01 8.99056636e-05 9.99777096e-01 4.27827037e-04 3.30334435e-08 1.88087706e-02
1.20000000e-01 1.16722004e-04 9.99710619e-01 5.55447864e-04 4.92621730e-08 3.91163219e-02
1.30000000e-01 1.48401760e-04 9.99632089e-01 7.06219114e-04 7.08587637e-08 6.04086281e-02
1.40000000e-01 1.85350219e-04 9.99540505e-01 8.82071444e-04 9.88096987e-08 8.25616068e-02
1.50000000e-01 2.27972663e-04 9.99434863e-01 1.08493575e-03 1.34111972e-07 1.05451452e-01
1.60000000e-01 2.76674379e-04 9.99314161e-01 1.31674312e-03 1.77739172e-07 1.28954697e-01
1.70000000e-01 3.31860650e-04 9.99177398e-01 1.57942486e-03 2.30602885e-07 1.52948222e-01
1.80000000e-01 3.93936762e-04 9.99023572e-01 1.87491242e-03 2.93509407e-07 1.77309289e-01
1.90000000e-01 4.63307999e-04 9.98851682e-01 2.20513739e-03 3.67111923e-07 2.01915559e-01
2.00000000e-01 5.40379646e-04 9.98660728e-01 2.57203143e-03 4.51858114e-07 2.26645130e-01
2.10000000e-01 6.25556988e-04 9.98449710e-01 2.97752629e-03 5.47933426e-07 2.51376554e-01
2.20000000e-01 7.19245309e-04 9.98217628e-01 3.42355369e-03 6.55199965e-07 2.75988860e-01
2.30000000e-01 8.21849894e-04 9.97963485e-01 3.91204532e-03 7.73131171e-07 3.00361590e-01
2.40000000e-01 9.33776028e-04 9.97686281e-01 4.44493277e-03 9.00742376e-07 3.24374821e-01
2.50000000e-01 1.05542900e-03 9.97385020e-01 5.02414747e-03 1.03651734e-06 3.47909192e-01
2.60000000e-01 1.18721408e-03 9.97058704e-01 5.65162062e-03 1.17833088e-06 3.70845928e-01
2.70000000e-01 1.32953657e-03 9.96706338e-01 6.32928312e-03 1.32336777e-06 3.93066874e-01
2.80000000e-01 1.48280175e-03 9.96326925e-01 7.05906550e-03 1.46803787e-06 4.14454518e-01
2.90000000e-01 1.64741490e-03 9.95919473e-01 7.84289787e-03 1.60788794e-06 4.34892022e-01
3.00000000e-01 1.82378131e-03 9.95482986e-01 8.68270979e-03 1.73750986e-06 4.54263249e-01
3.10000000e-01 2.01230625e-03 9.95016471e-01 9.58043021e-03 1.85044586e-06 4.72452794e-01
3.20000000e-01 2.21339503e-03 9.94518938e-01 1.05379874e-02 1.93909056e-06 4.89346011e-01
3.30000000e-01 2.42745292e-03 9.93989394e-01 1.15573088e-02 1.99459019e-06 5.04829046e-01
3.40000000e-01 2.65488520e-03 9.93426850e-01 1.26403209e-02 2.00673910e-06 5.18788868e-01
3.50000000e-01 2.89609717e-03 9.92830316e-01 1.37889494e-02 1.96387381e-06 5.31113298e-01
3.60000000e-01 3.15149410e-03 9.92198805e-01 1.50051188e-02 1.85276473e-06 5.41691042e-01
3.70000000e-01 3.42148128e-03 9.91531329e-01 1.62907523e-02 1.65850580e-06 5.50411728e-01
3.80000000e-01 3.70646399e-03 9.90826903e-01 1.76477718e-02 1.36440236e-06 5.57165933e-01
3.90000000e-01 4.00684753e-03 9.90084542e-01 1.90780979e-02 9.51857314e-07 5.61845224e-01
4.00000000e-01 4.32303717e-03 9.89303263e-01 2.05836496e-02 4.00255990e-07 5.64342189e-01
4.10000000e-01 4.65543820e-03 9.88482084e-01 2.21663442e-02 -3.13150024e-07 5.64550475e-01
4.20000000e-01 5.00445590e-03 9.87620024e-01 2.38280972e-02 -1.21335988e-06 5.62364829e-01
4.30000000e-01 5.37049557e-03 9.86716103e-01 2.55708223e-02 -2.32774094e-06 5.57681130e-01
4.40000000e-01 5.75396247e-03 9.85769346e-01 2.73964310e-02 -3.68614634e-06 5.50396435e-01
4.50000000e-01 6.15526191e-03 9.84778774e-01 2.93068327e-02 -5.32103242e-06 5.40409017e-01
4.60000000e-01 6.57479915e-03 9.83743414e-01 3.13039345e-02 -7.26757552e-06 5.27618407e-01
4.70000000e-01 7.01297950e-03 9.82662292e-01 3.33896411e-02 -9.56378786e-06 5.11925441e-01
4.80000000e-01 7.47020823e-03 9.81534439e-01 3.55658545e-02 -1.22506320e-05 4.93232303e-01
4.90000000e-01 7.94689062e-03 9.80358884e-01 3.78344742e-02 -1.53721334e-05 4.71442571e-01
5.00000000e-01 8.44343197e-03 9.79134661e-01 4.01973967e-02 -1.89754909e-05 4.46461268e-01
5.10000000e-01 8.96023755e-03 9.77860804e-01 4.26565154e-02 -2.31111841e-05 4.18194911e-01
5.20000000e-01 9.49771266e-03 9.76536351e-01 4.52137209e-02 -2.78330776e-05 3.86551565e-01
5.30000000e-01 1.00562626e-02 9.75160340e-01 4.78709002e-02 -3.31985211e-05 3.51440895e-01
5.40000000e-01 1.06362926e-02 9.73731814e-01 5.06299371e-02 -3.92684453e-05 3.12774223e-01
5.50000000e-01 1.12382080e-02 9.72249816e-01 5.34927117e-02 -4.61074521e-05 2.70464588e-01
5.60000000e-01 1.18624140e-02 9.70713393e-01 5.64611006e-02 -5.37838992e-05 2.24426807e-01
5.70000000e-01 1.25093160e-02 9.69121594e-01 5.95369764e-02 -6.23699783e-05 1.74577535e-01
5.80000000e-01 1.31793192e-02 9.67473472e-01 6.27222077e-02 -7.19417849e-05 1.20835336e-01
5.90000000e-01 1.38728289e-02 9.65768082e-01 6.60186592e-02 -8.25793811e-05 6.31207491e-02
6.00000000e-01 1.45902504e-02 9.64004482e-01 6.94281911e-02 -9.43668479e-05 1.35636114e-03
6.10000000e-01 1.53319891e-02 9.62181733e-01 7.29526595e-02 -1.07392328e-04 -6.45331190e-02
6.20000000e-01 1.60984500e-02 9.60298902e-01 7.65939158e-02 -1.21748056e-04 -1.34620781e-01
6.30000000e-01 1.68900387e-02 9.58355056e-01 8.03538067e-02 -1.37530380e-04 -2.08977433e-01
6.40000000e-01 1.77071602e-02 9.56349268e-01 8.42341743e-02 -1.54839764e-04 -2.87671513e-01
6.50000000e-01 1.85502200e-02 9.54280614e-01 8.82368559e-02 -1.73780778e-04 -3.70769004e-01
6.60000000e-01 1.94196233e-02 9.52148177e-01 9.23636835e-02 -1.94462075e-04 -4.58333337e-01
6.70000000e-01 2.03157754e-02 9.49951039e-01 9.66164842e-02 -2.16996342e-04 -5.50425296e-01
6.80000000e-01 2.12390816e-02 9.47688293e-01 1.00997080e-01 -2.41500240e-04 -6.47102913e-01
6.90000000e-01 2.21899471e-02 9.45359032e-01 1.05507287e-01 -2.68094320e-04 -7.48421362e-01
7.00000000e-01 2.31687773e-02 9.42962357e-01 1.10148917e-01 -2.96902909e-04 -8.54432848e-01
7.10000000e-01 2.41759774e-02 9.40497373e-01 1.14923775e-01 -3.28053985e-04 -9.65186488e-01
7.20000000e-01 2.52119528e-02 9.37963192e-01 1.19833661e-01 -3.61679009e-04 -1.08072819e+00
7.30000000e-01 2.62771086e-02 9.35358932e-01 1.24880371e-01 -3.97912739e-04 -1.20110051e+00
7.40000000e-01 2.73718502e-02 9.32683716e-01 1.30065691e-01 -4.36893006e-04 -1.32634255e+00
7.50000000e-01 2.84965829e-02 9.29936676e-01 1.35391407e-01 -4.78760458e-04 -1.45648978e+00
7.60000000e-01 2.96517119e-02 9.27116950e-01 1.40859295e-01 -5.23658262e-04 -1.59157389e+00
7.70000000e-01 3.08376426e-02 9.24223683e-01 1.46471126e-01 -5.71731772e-04 -1.73162267e+00
7.80000000e-01 3.20547802e-02 9.21256030e-01 1.52228666e-01 -6.23128143e-04 -1.87665981e+00
7.90000000e-01 3.33035300e-02 9.18213153e-01 1.58133676e-01 -6.77995908e-04 -2.02670472e+00
8.00000000e-01 3.45842973e-02 9.15094223e-01 1.64187909e-01 -7.36484493e-04 -2.18177238e+00
8.10000000e-01 3.58974874e-02 9.11898422e-01 1.70393115e-01 -7.98743681e-04 -2.34187313e+00
8.20000000e-01 3.72435056e-02 9.08624941e-01 1.76751035e-01 -8.64923015e-04 -2.50701247e+00
8.30000000e-01 3.86227571e-02 9.05272983e-01 1.83263409e-01 -9.35171135e-04 -2.67719084e+00
8.40000000e-01 4.00356472e-02 9.01841760e-01 1.89931966e-01 -1.00963504e-03 -2.85240340e+00
8.50000000e-01 4.14825813e-02 8.98330499e-01 1.96758436e-01 -1.08845928e-03 -3.03263982e+00
8.60000000e-01 4.29639645e-02 8.94738437e-01 2.03744538e-01 -1.17178506e-03 -3.21788398e+00
8.70000000e-01 4.44802023e-02 8.91064828e-01 2.10891990e-01 -1.25974924e-03 -3.40811376e+00
8.80000000e-01 4.60316998e-02 8.87308937e-01 2.18202504e-01 -1.35248328e-03 -3.60330072e+00
8.90000000e-01 4.76188623e-02 8.83470048e-01 2.25677787e-01 -1.45011204e-03 -3.80340985e+00
9.00000000e-01 4.92420953e-02 8.79547457e-01 2.33319543e-01 -1.55275247e-03 -4.00839924e+00
9.10000000e-01 5.09018038e-02 8.75540482e-01 2.41129472e-01 -1.66051219e-03 -4.21821976e+00
9.20000000e-01 5.25983932e-02 8.71448455e-01 2.49109270e-01 -1.77348792e-03 -4.43281471e+00
9.30000000e-01 5.43322689e-02 8.67270732e-01 2.57260631e-01 -1.89176384e-03 -4.65211949e+00
9.40000000e-01 5.61038360e-02 8.63006686e-01 2.65585244e-01 -2.01540963e-03 -4.87606119e+00
9.50000000e-01 5.79134999e-02 8.58655716e-01 2.74084800e-01 -2.14447854e-03 -5.10455819e+00
9.60000000e-01 5.97616658e-02 8.54217241e-01 2.82760985e-01 -2.27900514e-03 -5.33751976e+00
9.70000000e-01 6.16487391e-02 8.49690707e-01 2.91615486e-01 -2.41900293e-03 -5.57484560e+00
9.80000000e-01 6.35751250e-02 8.45075588e-01 3.00649989e-01 -2.56446173e-03 -5.81642536e+00
9.90000000e-01 6.55412288e-02 8.40371385e-01 3.09866183e-01 -2.71534482e-03 -6.06213814e+00
1.00000000e+00 6.75474558e-02 8.35577629e-01 3.19265755e-01 -2.87158591e-03 -6.31185200e+00
1.01000000e+00 6.95942112e-02 8.30693885e-01 3.28850397e-01 -3.03308572e-03 -6.56542335e+00
1.02000000e+00 7.16819004e-02 8.25719752e-01 3.38621804e-01 -3.19970837e-03 -6.82269639e+00
1.03000000e+00 7.38109287e-02 8.20654867e-01 3.48581676e-01 -3.37127745e-03 -7.08350250e+00
1.04000000e+00 7.59817013e-02 8.15498904e-01 3.58731718e-01 -3.54757173e-03 -7.34765956e+00
1.05000000e+00 7.81946235e-02 8.10251581e-01 3.69073641e-01 -3.72832050e-03 -7.61497126e+00
1.06000000e+00 8.04501006e-02 8.04912662e-01 3.79609168e-01 -3.91319856e-03 -7.88522639e+00
1.07000000e+00 8.27485378e-02 7.99481956e-01 3.90340030e-01 -4.10182077e-03 -8.15819805e+00
1.08000000e+00 8.50903406e-02 7.93959324e-01 4.01267969e-01 -4.29373616e-03 -8.43364281e+00
1.09000000e+00 8.74759141e-02 7.88344684e-01 4.12394742e-01 -4.48842158e-03 -8.71129990e+00
1.10000000e+00 8.99056636e-02 7.82638010e-01 4.23722121e-01 -4.68527476e-03 -8.99089025e+00
1.11000000e+00 9.23799945e-02 7.76839338e-01 4.35251897e-01 -4.88360691e-03 -9.27211557e+00
1.12000000e+00 9.48993119e-02 7.70948771e-01 4.46985879e-01 -5.08263467e-03 -9.55465729e+00
1.13000000e+00 9.74640213e-02 7.64966485e-01 4.58925900e-01 -5.28147144e-03 -9.83817555e+00
1.14000000e+00 1.00074528e-01 7.58892728e-01 4.71073818e-01 -5.47911802e-03 -1.01223080e+01
1.15000000e+00 1.02731237e-01 7.52727831e-01 4.83431518e-01 -5.67445257e-03 -1.04066687e+01
1.16000000e+00 1.05434554e-01 7.46472211e-01 4.96000918e-01 -5.86621972e-03 -1.06908468e+01
1.17000000e+00 1.08184883e-01 7.40126376e-01 5.08783969e-01 -6.05301897e-03 -1.09744053e+01
1.18000000e+00 1.10982631e-01 7.33690933e-01 5.21782662e-01 -6.23329218e-03 -1.12568795e+01
1.19000000e+00 1.13828203e-01 7.27166593e-01 5.34999029e-01 -6.40531009e-03 -1.15377759e+01
1.20000000e+00 1.16722004e-01 7.20554178e-01 5.48435147e-01 -6.56715800e-03 -1.18165702e+01
1.21000000e+00 1.19664438e-01 7.13854627e-01 5.62093147e-01 -6.71672039e-03 -1.20927062e+01
1.22000000e+00 1.22655912e-01 7.07069007e-01 5.75975212e-01 -6.85166446e-03 -1.23655938e+01
1.23000000e+00 1.25696831e-01 7.00198519e-01 5.90083589e-01 -6.96942271e-03 -1.26346074e+01
1.24000000e+00 1.28787600e-01 6.93244503e-01 6.04420588e-01 -7.06717429e-03 -1.28990843e+01
1.25000000e+00 1.31928625e-01 6.86208452e-01 6.18988593e-01 -7.14182528e-03 -1.31583222e+01
1.26000000e+00 1.35120309e-01 6.79092017e-01 6.33790067e-01 -7.18998785e-03 -1.34115782e+01
1.27000000e+00 1.38363060e-01 6.71897020e-01 6.48827556e-01 -7.20795819e-03 -1.36580658e+01
1.28000000e+00 1.41657282e-01 6.64625457e-01 6.64103700e-01 -7.19169339e-03 -1.38969537e+01
1.29000000e+00 1.45003380e-01 6.57279515e-01 6.79621237e-01 -7.13678721e-03 -1.41273633e+01
1.30000000e+00 1.48401760e-01 6.49861577e-01 6.95383014e-01 -7.03844478e-03 -1.43483663e+01
1.31000000e+00 1.51852827e-01 6.42374233e-01 7.11391994e-01 -6.89145636e-03 -1.45589830e+01
1.32000000e+00 1.55356987e-01 6.34820290e-01 7.27651265e-01 -6.69017029e-03 -1.47581800e+01
1.33000000e+00 1.58914644e-01 6.27202782e-01 7.44164051e-01 -6.42846520e-03 -1.49448677e+01
1.34000000e+00 1.62526203e-01 6.19524975e-01 7.60933717e-01 -6.09972177e-03 -1.51178983e+01
1.35000000e+00 1.66192071e-01 6.11790384e-01 7.77963789e-01 -5.69679418e-03 -1.52760636e+01
1.36000000e+00 1.69912653e-01 6.04002770e-01 7.95257953e-01 -5.21198162e-03 -1.54180931e+01
1.37000000e+00 1.73688353e-01 5.96166158e-01 8.12820078e-01 -4.63700014e-03 -1.55426515e+01
1.38000000e+00 1.77519577e-01 5.88284832e-01 8.30654217e-01 -3.96295527e-03 -1.56483373e+01
1.39000000e+00 1.81406731e-01 5.80363350e-01 8.48764630e-01 -3.18031582e-03 -1.57336807e+01
1.40000000e+00 1.85350219e-01 5.72406536e-01 8.67155787e-01 -2.27888943e-03 -1.57971421e+01
1.41000000e+00 1.89350446e-01 5.64419489e-01 8.85832388e-01 -1.24780038e-03 -1.58371110e+01
1.42000000e+00 1.93407820e-01 5.56407575e-01 9.04799373e-01 -7.54703220e-05 -1.58519046e+01
1.43000000e+00 1.97522743e-01 5.48376426e-01 9.24061934e-01 1.25039745e-03 -1.58397671e+01
1.44000000e+00 2.01695622e-01 5.40331930e-01 9.43625533e-01 2.74282946e-03 -1.57988697e+01
1.45000000e+00 2.05926862e-01 5.32280224e-01 9.63495911e-01 4.41558858e-03 -1.57273100e+01
1.46000000e+00 2.10216869e-01 5.24227671e-01 9.83679105e-01 6.28317487e-03 -1.56231131e+01
1.47000000e+00 2.14566047e-01 5.16180851e-01 1.00418146e+00 8.36082013e-03 -1.54842324e+01
1.48000000e+00 2.18974802e-01 5.08146530e-01 1.02500964e+00 1.06644755e-02 -1.53085513e+01
1.49000000e+00 2.23443539e-01 5.00131641e-01 1.04617064e+00 1.32107918e-02 -1.50938851e+01
1.50000000e+00 2.27972663e-01 4.92143245e-01 1.06767180e+00 1.60170915e-02 -1.48379843e+01
1.51000000e+00 2.32562580e-01 4.84188504e-01 1.08952082e+00 1.91013334e-02 -1.45385380e+01
1.52000000e+00 2.37213696e-01 4.76274635e-01 1.11172576e+00 2.24820687e-02 -1.41931778e+01
1.53000000e+00 2.41926414e-01 4.68408874e-01 1.13429505e+00 2.61783890e-02 -1.37994834e+01
1.54000000e+00 2.46701141e-01 4.60598425e-01 1.15723752e+00 3.02098677e-02 -1.33549876e+01
1.55000000e+00 2.51538282e-01 4.52850419e-01 1.18056237e+00 3.45964931e-02 -1.28571827e+01
1.56000000e+00 2.56438242e-01 4.45171859e-01 1.20427920e+00 3.93585971e-02 -1.23035278e+01
1.57000000e+00 2.61401426e-01 4.37569576e-01 1.22839799e+00 4.45167782e-02 -1.16914558e+01
1.58000000e+00 2.66428240e-01 4.30050177e-01 1.25292915e+00 5.00918213e-02 -1.10183817e+01
1.59000000e+00 2.71519089e-01 4.22619995e-01 1.27788347e+00 5.61046162e-02 -1.02817107e+01
1.60000000e+00 2.76674379e-01 4.15285050e-01 1.30327212e+00 6.25760750e-02 -9.47884730e+00
1.61000000e+00 2.81894514e-01 4.08051000e-01 1.32910670e+00 6.95270523e-02 -8.60720382e+00
1.62000000e+00 2.87179899e-01 4.00923107e-01 1.35539917e+00 7.69782675e-02 -7.66420966e+00
1.63000000e+00 2.92530941e-01 3.93906203e-01 1.38216190e+00 8.49502328e-02 -6.64732017e+00
1.64000000e+00 2.97948045e-01 3.87004665e-01 1.40940761e+00 9.34631872e-02 -5.55402541e+00
1.65000000e+00 3.03431615e-01 3.80222388e-01 1.43714940e+00 1.02537039e-01 -4.38185873e+00
1.66000000e+00 3.08982057e-01 3.73562777e-01 1.46540075e+00 1.12191316e-01 -3.12840486e+00
1.67000000e+00 3.14599776e-01 3.67028736e-01 1.49417547e+00 1.22445125e-01 -1.79130752e+00
1.68000000e+00 3.20285178e-01 3.60622665e-01 1.52348770e+00 1.33317123e-01 -3.68276458e-01
1.69000000e+00 3.26038667e-01 3.54346470e-01 1.55335195e+00 1.44825498e-01 1.14290619e+00
1.70000000e+00 3.31860650e-01 3.48201565e-01 1.58378301e+00 1.56987956e-01 2.74438029e+00
1.71000000e+00 3.37751531e-01 3.42188898e-01 1.61479602e+00 1.69821724e-01 4.43820286e+00
1.72000000e+00 3.43711716e-01 3.36308961e-01 1.64640637e+00 1.83343556e-01 6.22634400e+00
1.73000000e+00 3.49741610e-01 3.30561822e-01 1.67862978e+00 1.97569750e-01 8.11068368e+00
1.74000000e+00 3.55841618e-01 3.24947149e-01 1.71148225e+00 2.12516170e-01 1.00930092e+01
1.75000000e+00 3.62012146e-01 3.19464239e-01 1.74498002e+00 2.28198278e-01 1.21750138e+01
1.76000000e+00 3.68253598e-01 3.14112049e-01 1.77913963e+00 2.44631165e-01 1.43582952e+01
1.77000000e+00 3.74566381e-01 3.08889232e-01 1.81397784e+00 2.61829593e-01 1.66443560e+01
1.78000000e+00 3.80950899e-01 3.03794164e-01 1.84951170e+00 2.79808029e-01 1.90346036e+01
1.79000000e+00 3.87407557e-01 2.98824979e-01 1.88575846e+00 2.98580693e-01 2.15303516e+01
1.80000000e+00 3.93936762e-01 2.93979599e-01 1.92273565e+00 3.18161601e-01 2.41328210e+01
1.81000000e+00 4.00538918e-01 2.89255768e-01 1.96046099e+00 3.38564605e-01 2.68431423e+01
1.82000000e+00 4.07214430e-01 2.84651073e-01 1.99895247e+00 3.59803438e-01 2.96623582e+01
1.83000000e+00 4.13963705e-01 2.80162979e-01 2.03822828e+00 3.81891758e-01 3.25914259e+01
1.84000000e+00 4.20787146e-01 2.75788848e-01 2.07830684e+00 4.04843183e-01 3.56312203e+01
1.85000000e+00 4.27685160e-01 2.71525965e-01 2.11920681e+00 4.28671335e-01 3.87825373e+01
1.86000000e+00 4.34658151e-01 2.67371559e-01 2.16094706e+00 4.53389874e-01 4.20460971e+01
1.87000000e+00 4.41706525e-01 2.63322823e-01 2.20354666e+00 4.79012531e-01 4.54225480e+01
1.88000000e+00 4.48830688e-01 2.59376927e-01 2.24702495e+00 5.05553141e-01 4.89124693e+01
1.89000000e+00 4.56031044e-01 2.55531037e-01 2.29140145e+00 5.33025674e-01 5.25163759e+01
1.90000000e+00 4.63307999e-01 2.51782328e-01 2.33669593e+00 5.61444258e-01 5.62347212e+01
1.91000000e+00 4.70661958e-01 2.48127993e-01 2.38292837e+00 5.90823207e-01 6.00679010e+01
1.92000000e+00 4.78093327e-01 2.44565256e-01 2.43011898e+00 6.21177042e-01 6.40162570e+01
1.93000000e+00 4.85602510e-01 2.41091379e-01 2.47828822e+00 6.52520513e-01 6.80800806e+01
1.94000000e+00 4.93189913e-01 2.37703669e-01 2.52745676e+00 6.84868615e-01 7.22596156e+01
1.95000000e+00 5.00855941e-01 2.34399486e-01 2.57764550e+00 7.18236604e-01 7.65550624e+01
1.96000000e+00 5.08601000e-01 2.31176244e-01 2.62887560e+00 7.52640016e-01 8.09665804e+01
1.97000000e+00 5.16425494e-01 2.28031419e-01 2.68116845e+00 7.88094674e-01 8.54942917e+01
1.98000000e+00 5.24329830e-01 2.24962550e-01 2.73454569e+00 8.24616705e-01 9.01382833e+01
1.99000000e+00 5.32314412e-01 2.21967240e-01 2.78902920e+00 8.62222548e-01 9.48986108e+01
2.00000000e+00 5.40379646e-01 2.19043161e-01 2.84464110e+00 9.00928963e-01 9.97753003e+01
2.01000000e+00 5.48525937e-01 2.16188052e-01 2.90140381e+00 9.40753040e-01 1.04768352e+02
2.02000000e+00 5.56753690e-01 2.13399720e-01 2.95933995e+00 9.81712204e-01 1.09877740e+02
2.03000000e+00 5.65063310e-01 2.10676041e-01 3.01847244e+00 1.02382423e+00 1.15103418e+02
2.04000000e+00 5.73455203e-01 2.08014960e-01 3.07882447e+00 1.06710723e+00 1.20445321e+02
2.05000000e+00 5.81929775e-01 2.05414488e-01 3.14041947e+00 1.11157967e+00 1.25903363e+02
2.06000000e+00 5.90487430e-01 2.02872702e-01 3.20328118e+00 1.15726040e+00 1.31477444e+02
2.07000000e+00 5.99128573e-01 2.00387747e-01 3.26743358e+00 1.20416859e+00 1.37167450e+02
2.08000000e+00 6.07853610e-01 1.97957831e-01 3.33290097e+00 1.25232382e+00 1.42973255e+02
2.09000000e+00 6.16662947e-01 1.95581223e-01 3.39970792e+00 1.30174600e+00 1.48894720e+02
2.10000000e+00 6.25556988e-01 1.93256255e-01 3.46787928e+00 1.35245543e+00 1.54931698e+02
2.11000000e+00 6.34536139e-01 1.90981318e-01 3.53744020e+00 1.40447279e+00 1.61084034e+02
2.12000000e+00 6.43600805e-01 1.88754860e-01 3.60841614e+00 1.45781912e+00 1.67351565e+02
2.13000000e+00 6.52751391e-01 1.86575385e-01 3.68083285e+00 1.51251586e+00 1.73734124e+02
2.14000000e+00 6.61988303e-01 1.84441454e-01 3.75471639e+00 1.56858481e+00 1.80231538e+02
2.15000000e+00 6.71311946e-01 1.82351676e-01 3.83009313e+00 1.62604816e+00 1.86843630e+02
2.16000000e+00 6.80722725e-01 1.80304713e-01 3.90698975e+00 1.68492848e+00 1.93570222e+02
2.17000000e+00 6.90221045e-01 1.78299276e-01 3.98543325e+00 1.74524875e+00 2.00411132e+02
2.18000000e+00 6.99807313e-01 1.76334124e-01 4.06545095e+00 1.80703231e+00 2.07366179e+02
2.19000000e+00 7.09481932e-01 1.74408058e-01 4.14707050e+00 1.87030290e+00 2.14435182e+02
2.20000000e+00 7.19245309e-01 1.72519927e-01 4.23031987e+00 1.93508465e+00 2.21617956e+02
2.21000000e+00 7.29097848e-01 1.70668619e-01 4.31522739e+00 2.00140209e+00 2.28914323e+02
2.22000000e+00 7.39039956e-01 1.68853064e-01 4.40182168e+00 2.06928014e+00 2.36324102e+02
2.23000000e+00 7.49072036e-01 1.67072230e-01 4.49013175e+00 2.13874411e+00 2.43847116e+02
2.24000000e+00 7.59194495e-01 1.65325123e-01 4.58018692e+00 2.20981971e+00 2.51483191e+02
2.25000000e+00 7.69407738e-01 1.63610785e-01 4.67201688e+00 2.28253307e+00 2.59232153e+02
2.26000000e+00 7.79712170e-01 1.61928292e-01 4.76565166e+00 2.35691069e+00 2.67093835e+02
2.27000000e+00 7.90108196e-01 1.60276755e-01 4.86112165e+00 2.43297950e+00 2.75068071e+02
2.28000000e+00 8.00596222e-01 1.58655314e-01 4.95845759e+00 2.51076682e+00 2.83154701e+02
2.29000000e+00 8.11176653e-01 1.57063142e-01 5.05769061e+00 2.59030038e+00 2.91353567e+02
2.30000000e+00 8.21849894e-01 1.55499439e-01 5.15885219e+00 2.67160832e+00 2.99664518e+02
2.31000000e+00 8.32616351e-01 1.53963436e-01 5.26197418e+00 2.75471920e+00 3.08087405e+02
2.32000000e+00 8.43476428e-01 1.52454388e-01 5.36708880e+00 2.83966198e+00 3.16622087e+02
2.33000000e+00 8.54430531e-01 1.50971579e-01 5.47422866e+00 2.92646605e+00 3.25268425e+02
2.34000000e+00 8.65479066e-01 1.49514316e-01 5.58342676e+00 3.01516119e+00 3.34026288e+02
2.35000000e+00 8.76622437e-01 1.48081931e-01 5.69471647e+00 3.10577763e+00 3.42895549e+02
2.36000000e+00 8.87861051e-01 1.46673777e-01 5.80813155e+00 3.19834602e+00 3.51876087e+02
2.37000000e+00 8.99195311e-01 1.45289231e-01 5.92370616e+00 3.29289740e+00 3.60967786e+02
2.38000000e+00 9.10625624e-01 1.43927691e-01 6.04147487e+00 3.38946328e+00 3.70170536e+02
2.39000000e+00 9.22152395e-01 1.42588575e-01 6.16147263e+00 3.48807558e+00 3.79484234e+02
2.40000000e+00 9.33776028e-01 1.41271319e-01 6.28373480e+00 3.58876664e+00 3.88908781e+02
2.41000000e+00 9.45496931e-01 1.39975380e-01 6.40829716e+00 3.69156924e+00 3.98444086e+02
2.42000000e+00 9.57315506e-01 1.38700232e-01 6.53519589e+00 3.79651662e+00 4.08090061e+02
2.43000000e+00 9.69232161e-01 1.37445367e-01 6.66446759e+00 3.90364243e+00 4.17846628e+02
2.44000000e+00 9.81247300e-01 1.36210293e-01 6.79614928e+00 4.01298077e+00 4.27713711e+02
2.45000000e+00 9.93361328e-01 1.34994532e-01 6.93027842e+00 4.12456619e+00 4.37691243e+02
2.46000000e+00 1.00557465e+00 1.33797626e-01 7.06689287e+00 4.23843368e+00 4.47779160e+02
2.47000000e+00 1.01788767e+00 1.32619127e-01 7.20603093e+00 4.35461868e+00 4.57977408e+02
2.48000000e+00 1.03030080e+00 1.31458604e-01 7.34773135e+00 4.47315709e+00 4.68285935e+02
2.49000000e+00 1.04281444e+00 1.30315639e-01 7.49203330e+00 4.59408526e+00 4.78704697e+02
2.50000000e+00 1.05542900e+00 1.29189826e-01 7.63897640e+00 4.71744000e+00 4.89233656e+02
2.51000000e+00 1.06814487e+00 1.28080774e-01 7.78860073e+00 4.84325857e+00 4.99872779e+02
2.52000000e+00 1.08096247e+00 1.26988101e-01 7.94094678e+00 4.97157872e+00 5.10622040e+02
2.53000000e+00 1.09388221e+00 1.25911440e-01 8.09605554e+00 5.10243864e+00 5.21481418e+02
2.54000000e+00 1.10690448e+00 1.24850432e-01 8.25396843e+00 5.23587700e+00 5.32450897e+02
2.55000000e+00 1.12002969e+00 1.23804732e-01 8.41472735e+00 5.37193295e+00 5.43530469e+02
2.56000000e+00 1.13325826e+00 1.22774002e-01 8.57837464e+00 5.51064610e+00 5.54720129e+02
2.57000000e+00 1.14659057e+00 1.21757917e-01 8.74495312e+00 5.65205657e+00 5.66019879e+02
2.58000000e+00 1.16002704e+00 1.20756161e-01 8.91450611e+00 5.79620493e+00 5.77429726e+02
2.59000000e+00 1.17356808e+00 1.19768425e-01 9.08707735e+00 5.94313224e+00 5.88949684e+02
2.60000000e+00 1.18721408e+00 1.18794412e-01 9.26271112e+00 6.09288008e+00 6.00579771e+02
2.61000000e+00 1.20096546e+00 1.17833832e-01 9.44145214e+00 6.24549047e+00 6.12320011e+02
2.62000000e+00 1.21482262e+00 1.16886404e-01 9.62334565e+00 6.40100598e+00 6.24170431e+02
2.63000000e+00 1.22878596e+00 1.15951854e-01 9.80843735e+00 6.55946965e+00 6.36131067e+02
2.64000000e+00 1.24285589e+00 1.15029917e-01 9.99677346e+00 6.72092502e+00 6.48201957e+02
2.65000000e+00 1.25703282e+00 1.14120336e-01 1.01884007e+01 6.88541614e+00 6.60383147e+02
2.66000000e+00 1.27131715e+00 1.13222858e-01 1.03833663e+01 7.05298758e+00 6.72674685e+02
2.67000000e+00 1.28570928e+00 1.12337241e-01 1.05817179e+01 7.22368441e+00 6.85076626e+02
2.68000000e+00 1.30020963e+00 1.11463248e-01 1.07835038e+01 7.39755222e+00 6.97589028e+02
2.69000000e+00 1.31481859e+00 1.10600647e-01 1.09887728e+01 7.57463712e+00 7.10211957e+02
